100000.0 16263.0 0.14604819554822537
123284.67394420659 15692.0 0.16094760058679328
151991.10829529332 15140.0 0.17718931223283943
187381.7422860383 14606.0 0.19485206746024392
231012.9700083158 14088.0 0.21400949007767706
284803.5868435805 13587.0 0.23472756768854022
351119.17342151277 13101.0 0.25706185456061886
432876.12810830615 12630.0 0.28105446522270416
533669.9231206313 12174.0 0.30673097909857105
657933.2246575683 11732.0 0.3340973943746846
811130.8307896872 11302.0 0.3631373154834919
1000000.0 10886.0 0.39380956597149724
1232846.7394420658 10482.0 0.4260464382081367
1519911.0829529332 10090.0 0.4597527657631107
1873817.422860383 9709.0 0.4948059736707182
2310129.700083158 9339.0 0.5310572007141687
2848035.8684358047 8980.0 0.5683335237476459
3511191.7342151273 8632.0 0.6064412127913995
4328761.281083061 8293.0 0.6451698841595302
5336699.231206313 7965.0 0.6842973418888757
6579332.246575682 7646.0 0.7235948357369139
8111308.307896872 7337.0 0.7628324735993736
10000000.0 7037.0 0.80178448964514
12328467.39442066 6745.0 0.8402341359942456
15199110.829529332 6463.0 0.8779779814108417
18738174.22860387 6189.0 0.9148294804644386
23101297.00083158 5924.0 0.9506217402877637
28480358.68435805 5668.0 0.985209432802233
35111917.34215128 5419.0 1.0184699082225834
43287612.810830615 5179.0 1.0503035630951525
53366992.31206313 4946.0 1.0806335405510148
65793322.465756826 4722.0 1.109404905680666
81113083.07896872 4505.0 1.1365833490289323
100000000.0 4295.0 1.1621536018276941
123284673.94420634 4093.0 1.186117614407583
151991108.2952933 3899.0 1.2084925866302414
187381742.2860387 3711.0 1.229308956824579
231012970.0083158 3530.0 1.2486084124450059
284803586.8435805 3356.0 1.2664419443229162
351119173.4215127 3189.0 1.2828680030229962
432876128.10830617 3029.0 1.2979507738028913
533669923.12063015 2874.0 1.3117586242908683
657933224.6575682 2726.0 1.3243626797952366
811130830.789689 2584.0 1.335835569344235
1000000000.0 2448.0 1.346250337137114
1232846739.4420633 2318.0 1.3556794998301471
1519911082.952933 2193.0 1.364194251446743
1873817422.8603868 2074.0 1.3718638328370496
2310129700.083158 1960.0 1.3787549743414522
2848035868.435805 1852.0 1.3849315283088197
3511191734.215142 1748.0 1.3904541260728311
4328761281.083061 1649.0 1.3953799957773607
5336699231.206302 1555.0 1.399762837775511
6579332246.575683 1466.0 1.4036527442975253
8111308307.896889 1381.0 1.4070961951771677
10000000000.0 1300.0 1.4101361358907476
12328467394.420633 1223.0 1.4128120368320907
15199110829.529331 1151.0 1.4151600434717417
18738174228.603867 1082.0 1.4172130766943989
23101297000.83158 1016.0 1.4190010170752405
28480358684.358047 954.0 1.4205508812822722
35111917342.15142 896.0 1.4218870249056699
43287612810.83061 841.0 1.4230312165408334
53366992312.06302 789.0 1.424002943094829
65793322465.75682 739.0 1.4248195403468624
81113083078.96889 693.0 1.4254963522168316
100000000000.0 649.0 1.4260468599675322
123284673944.20634 608.0 1.4264829128841214
151991108295.2933 569.0 1.4268148201693354
187381742286.0387 532.0 1.4270514724642125
231012970008.3158 498.0 1.4272005437515158
284803586843.5805 465.0 1.4272684316768176
351119173421.51416 435.0 1.427260655295582
432876128108.30615 406.0 1.4271815128486958
533669923120.6302 380.0 1.4270346761119925
657933224657.5682 354.0 1.4268227483708853
811130830789.6888 331.0 1.4265478084139498
1000000000000.0 309.0 1.4262109821979714
1232846739442.0635 288.0 1.4258129482642505
1519911082952.933 268.0 1.4253535726067788
1873817422860.3867 250.0 1.4248323568705208
2310129700083.158 233.0 1.4242479848401413
2848035868435.8047 217.0 1.4235987061085615
3511191734215.1416 202.0 1.4228822031185253
4328761281083.0615 188.0 1.4220956065544728
5336699231206.302 175.0 1.4212354841854902
6579332246575.683 163.0 1.4202977467989006
8111308307896.889 151.0 1.4192781440314233
10000000000000.0 140.0 1.4181710982982918
12328467394420.684 130.0 1.4169710921010115
12915496650148.826 128.0 1.4166912062571464
15199110829529.332 121.0 1.4156716353106642
16681005372000.557 117.0 1.4150602636071292
18738174228603.867 112.0 1.4142653466609378
21544346900318.867 107.0 1.4132644997465487
23101297000831.582 104.0 1.412744464167232
27825594022071.258 97.0 1.4112891636714269
28480358684358.047 96.0 1.4110999027152713
35111917342151.273 89.0 1.4093225854784037
35938136638046.26 88.0 1.4091160346902585
43287612810830.62 82.0 1.4074005662234805
46415888336127.73 80.0 1.4067265928197599
53366992312063.016 76.0 1.4053245291308267
59948425031894.21 73.0 1.4040995277655632
65793322465756.82 71.0 1.4030787884733609
77426368268112.78 66.0 1.401208335405132
100000000000000.0 60.0 1.3980281739205571